   0   0   2   0   0
  45 3   1 1   2    0    0   -1    0 1
 -4002 -4002 -4002 -4002 -4002 -4002 -4002 -4002 -4002 -4002 -4002 -4002 -4002
 -4002 -4002 -4002 -4002 -4002 -4002 -4002 -4002 -4002 -4002 -4002 -4002 -4002
 -4002 -4002 -4002 -4002 -4002 -4002 -4002 -4002 -4002 -4002 -4002 -4002 -4002
 -4002 -4002 -4002 -4002 -4002 -4002
   900   900   900   900   900   900   900   900   900   900   900   900   900
   900   900   900   900   900   900   900   900   900   900   900   900   900
   900   900   900   900   900   900   900   900   900   900   900   900   900
   900   900   900   900   900   900
 -1.000 -1.000 -1.000 -1.000 -1.000 -1.000 -1.000 -1.000 -1.000 -1.000
 -1.000 -1.000 -1.000 -1.000 -1.000 -1.000 -1.000 -1.000 -1.000 -1.000
 -1.000 -1.000 -1.000 -1.000 -1.000 -1.000 -1.000 -1.000 -1.000 -1.000
 -1.000 -1.000 -1.000 -1.000 -1.000 -1.000 -1.000 -1.000 -1.000 -1.000
 -1.000 -1.000 -1.000 -1.000 -1.000 -1.000 -1.000 -1.000 -1.000 -1.000
 -1.000 -1.000 -1.000 -1.000 -1.000 -1.000 -1.000 -1.000 -1.000 -1.000
 -1.000 -1.000 -1.000 -1.000 -1.000 -1.000 -1.000 -1.000 -1.000 -1.000
 -1.000 -1.000 -1.000 -1.000 -1.000 -1.000 -1.000 -1.000 -1.000 -1.000
 -1.000 -1.000 -1.000 -1.000 -1.000 -1.000 -1.000 -1.000 -1.000 -1.000
   -99
  50.00  50.00  1  9  40.00 0.2000   1.00    0
 T T T T T T T T T F F F F F F F F F F F F F F F F F F F F T T T T T  0F   0 0
   10.1520E+08-.1520E+08
    0    0
    0    0
0.1000000E+030.1000000E+040.1000000E+040.1000000E+010.1000000E+040.1000000E+030.1000000E+030.1000000E+010.1000000E+03
0.1000000E+010.1000000E+040.3000000E+070.4600000E+080.3000000E-010.1428571E+01
0.2101248E+000.8695652E+00 1 30.5000000E+07 20.3000000E-01 0 0 0 0 0 0 1 2.0000000.0000000E+000.550 2 0
 1.400 1.150 1.200 1.000
